100
2 4
10 5
3 12
7 7 7
3 12
4 2 1
5 1000000000
25 25 25 25 25
2 2
1 1
5 5
1 1 1 1 1
5 448257424
1 2 3 4 5
5 915742169
18 7 21 11 25
5 883067768
10 10 10 10 10
5 508521859
16 16 16 16 16
5 375456897
9 9 9 9 9
5 13767305
18 18 18 18 18
5 349710913
20 20 20 20 20
5 474109176
5 5 5 5 5
5 845968422
16 16 16 16 16
5 265570081
25 25 25 25 25
5 673757237
21 21 21 21 21
5 500101114
23 23 23 23 23
5 823945822
21 21 21 21 21
5 900306721
6 6 6 6 6
5 329701789
22 22 22 22 22
5 840115957
6 6 6 6 6
5 693851189
15 15 15 15 15
5 370512051
15 15 15 15 15
5 990240466
23 23 23 23 23
5 929351761
18 18 18 18 18
5 361004276
14 14 14 14 14
5 339483768
24 24 24 24 24
5 217730075
24 24 24 24 24
5 73835376
21 21 21 21 21
5 457705537
11 11 11 11 11
5 612993140
16 16 16 16 16
5 142627207
15 15 15 15 15
5 784530513
1 2 3 4 5
5 272943864
1 2 3 4 5
5 314089312
1 2 3 4 5
5 999323797
1 2 3 4 5
5 240060611
1 2 3 4 5
5 857997844
1 2 3 4 5
5 583900004
1 2 3 4 5
5 918750319
1 2 3 4 5
5 395583894
1 2 3 4 5
5 886271805
1 2 3 4 5
5 792117612
1 2 3 4 5
5 582782121
1 2 3 4 5
5 283032754
1 2 3 4 5
5 618739115
1 2 3 4 5
5 389322956
1 2 3 4 5
5 986385441
1 2 3 4 5
5 389546997
1 2 3 4 5
5 689284993
1 2 3 4 5
5 581131152
1 2 3 4 5
5 396234215
1 2 3 4 5
5 322955545
1 2 3 4 5
5 659657649
1 2 3 4 5
5 709943527
1 2 3 4 5
5 179657469
1 2 3 4 5
5 458008228
1 2 3 4 5
5 818531879
7 23 8 11 10
5 917844670
17 12 3 9 5
5 638785000
16 8 24 4 23
5 561789408
18 16 11 2 13
5 859578402
9 5 15 20 19
5 749441609
9 4 4 20 22
5 955697898
5 15 18 19 25
5 150471138
11 7 1 18 5
5 649577238
24 9 20 11 1
5 701269128
2 25 9 17 13
5 401164614
4 14 10 18 22
5 565883415
16 20 11 19 10
5 754999812
12 24 16 17 5
5 445238288
7 15 24 10 3
5 532302211
25 16 21 17 19
5 429095085
20 18 21 23 17
5 852162144
24 6 7 19 3
5 714485342
18 9 15 24 2
5 257347
17 1 5 18 8
5 356104948
23 14 16 21 9
5 367514080
18 10 7 9 8
5 171734646
19 23 13 21 24
5 761885670
10 3 25 4 12
5 957625293
15 3 23 24 24
5 223237068
3 19 7 23 1
5 631198005
8 22 1 7 9
5 963853458
15 10 2 4 24
5 111090527
13 4 9 14 24
5 381364761
23 22 8 4 8
5 164195523
11 6 14 19 6
5 276811069
25 3 13 10 11
5 881467264
19 6 7 17 16
5 96908543
10 3 12 23 23
5 168212050
23 4 22 14 24
5 235416791
19 14 7 3 20
5 980499719
19 15 18 12 16
5 407189421
19 9 13 10 11
5 910901582
1 5 18 9 9
5 56332677
14 4 13 10 15
5 869503080
25 12 5 23 11
5 343731205
24 10 13 11 16
5 803386844
8 20 8 7 7
